 Método da Procura Direta
          19  -7.0000000506639495        1.9999999880790682        8.9999999970197635     
 Método de Newton-Raphson
           1  -7.2371134020618557        1.9285714285714286        9.1552795031055894     
           2  -7.0091795388655305        1.9998502424919649        9.0047146488304328     
           3  -7.0000145933586699        1.9999999992881354        9.0000045577040666     
           4  -7.0000000000369722        2.0000000000000000        9.0000000000042650     
           5  -7.0000000000000000        2.0000000000000000        9.0000000000000000     
           6  -7.0000000000000000        2.0000000000000000        9.0000000000000000     
 Método da secante
           1  -6.9566724436741767        2.0079681274900398        8.9487750556792882     
           2  -6.9964568053514968        2.0000942584113650        9.0057727737341313     
           3  -6.9997116714389671        2.0000011089946299        8.9993560624701647     
           4  -6.9999765466027251        2.0000000130470057        9.0000719119777326     
           5  -6.9999980923018743        2.0000000001534941        8.9999919702298481     
           6  -6.9999998448283449        2.0000000000018057        9.0000008966257461     
