  0.350392193    
  0.102831088    
   2.76042856E-02
   6.97547151E-03
   3.99199734E-03
   3.02662421E-02
   8.21279883E-02
  0.413243026    
  0.196578458    
  0.386246651    
  0.603086531    
  0.875069141    
  0.858129680    
  0.933479428    
  0.960165620    
   1.06891477    
   1.15954530    
   1.25159800    
   1.25116897    
   1.20015585    
   1.24334741    
   1.23459029    
   1.12845850    
   1.07055998    
   1.21907604    
   1.20142841    
   1.20837641    
   1.18437719    
   1.17790687    
   1.16160870    
   1.13130796    
   1.18470478    
   1.28838086    
   1.28188503    
   1.32060456    
   1.31715572    
   1.35616469    
   1.33619714    
   1.31411839    
   1.36781502    
   1.39359581    
   1.37371492    
   1.43187797    
   1.41750884    
   1.42769754    
   1.43032932    
   1.43231511    
   1.39905429    
   1.45215583    
   1.46881938    
   1.49046421    
   1.47735214    
   1.56739259    
   1.56737387    
   1.57927656    
   1.56006813    
   1.56105638    
   1.59168386    
   1.61969185    
   1.58609235    
   1.63257647    
   1.65287125    
   1.67230392    
   1.61467743    
   1.66852009    
   1.65776575    
   1.66095686    
   1.67471159    
   1.70271826    
   1.69793820    
   1.71423030    
   1.71267998    
   1.76165998    
   1.73880100    
   1.76603317    
   1.78706527    
   1.75292289    
   1.81018782    
   1.86426544    
   1.81150305    
   1.79157960    
   1.83054924    
   1.85535133    
   1.87823427    
   1.89247572    
   1.82373369    
   1.85327899    
   1.92010438    
   1.88634396    
   1.90961683    
   1.94529986    
   1.87358427    
   1.87571824    
   1.94069815    
   1.97158813    
   1.98707485    
   1.90811777    
   1.94037807    
   1.97952139    
   1.94479728    
   1.97746754    
   2.03210354    
   2.04309702    
   1.98250830    
   1.92498422    
   2.00435543    
   2.01319504    
   2.05430770    
   2.01598644    
   2.04103756    
   2.07338357    
   2.01760769    
   2.09599972    
   2.06831694    
   2.10440016    
   2.04633689    
   2.10196447    
   2.05207443    
   2.08529854    
   2.06751943    
   2.10372901    
   2.16351581    
   2.09806371    
   2.14110875    
   2.14836669    
   2.14806962    
   2.13530278    
   2.11494517    
   2.13138962    
   2.16974974    
   2.19320941    
   2.19840837    
   2.16739869    
   2.17456055    
   2.13858914    
   2.19493580    
   2.21545815    
   2.22303915    
   2.25765467    
   2.25729132    
   2.25147605    
   2.21927643    
   2.23743796    
   2.23071313    
   2.32392240    
   2.28470731    
   2.31036973    
   2.25561619    
   2.24334598    
   2.25809097    
   2.31245184    
   2.29670167    
   2.30794764    
   2.27978301    
   2.31573558    
   2.32313800    
   2.28214645    
   2.33437681    
   2.30706120    
   2.34410810    
   2.33714986    
   2.31669331    
   2.34691882    
   2.30526781    
   2.36964607    
   2.31841731    
   2.35058141    
   2.31336212    
   2.37451386    
   2.34391379    
   2.34842181    
   2.31780219    
   2.34914398    
   2.39148879    
   2.35750103    
   2.42384148    
   2.38638115    
   2.44038653    
   2.43202043    
   2.33502769    
   2.42722011    
   2.38889146    
   2.39021087    
   2.35912943    
   2.48056459    
   2.44150639    
   2.44972849    
   2.44431663    
   2.49611521    
   2.43380022    
   2.45404291    
   2.47723436    
   2.42746115    
   2.47632098    
   2.42980480    
   2.53550291    
   2.39807677    
   2.50770807    
   2.49693274    
   2.55263615    
   2.59391499    
   2.52762723    
   2.50517201    
   2.55743480    
   2.57469773    
   2.53692007    
   2.52833462    
   2.50712872    
   2.56251645    
   2.52479362    
   2.49377608    
   2.48519135    
   2.51426220    
   2.58213449    
   2.59449673    
   2.55907798    
   2.58703208    
   2.53668928    
   2.56626487    
   2.59468484    
   2.58442783    
   2.58751440    
   2.53693151    
   2.59433460    
   2.53191137    
   2.55245829    
   2.59486270    
   2.58510375    
   2.59216356    
   2.62650537    
   2.59071445    
   2.63887382    
   2.58138800    
   2.65392876    
   2.64806509    
   2.59982276    
   2.62484431    
   2.60829878    
   2.59940672    
   2.61321783    
   2.56234407    
   2.66152287    
   2.58295441    
   2.61156797    
   2.59428978    
   2.65380383    
   2.67662835    
   2.67898226    
   2.64671087    
   2.65001678    
   2.66637611    
   2.63200760    
   2.64200687    
   2.58486438    
   2.60457253    
   2.66397333    
   2.72089648    
   2.61628771    
   2.66741323    
   2.71422648    
   2.71956158    
   2.63738561    
   2.67309761    
   2.65537429    
   2.66566801    
   2.67506695    
   2.73559833    
   2.79479909    
   2.69035244    
   2.73882985    
   2.73983455    
   2.72652483    
   2.64919496    
   2.71326947    
   2.67045903    
   2.76179886    
   2.74711251    
   2.73185158    
   2.71254110    
   2.77831697    
   2.69458222    
   2.73536801    
   2.77973962    
   2.69171333    
   2.69051051    
   2.72393513    
   2.74927473    
   2.76392555    
   2.74274731    
   2.75156951    
   2.73361182    
   2.75854063    
   2.74737144    
   2.85354257    
   2.76901007    
   2.73390913    
   2.77569795    
   2.78887200    
   2.80516768    
   2.83172584    
   2.84851217    
   2.80919790    
   2.86263108    
   2.82142687    
   2.80439830    
   2.83258033    
   2.90626979    
   2.86221480    
   2.82609439    
   2.89663410    
   2.87169957    
   2.87548089    
   2.88171840    
   2.89242172    
   2.87976551    
   2.87244868    
   2.83121943    
   2.90070534    
   2.88916922    
   2.80454731    
   2.89653397    
   2.75144649    
   2.71090531    
   2.80266738    
   2.83062744    
   2.80579901    
   2.79737353    
   2.89323711    
   2.84473467    
   2.90400028    
   2.93704224    
   2.89006209    
   2.87263441    
   2.96246314    
   2.96993661    
   2.86747217    
   2.87599134    
   2.90670633    
   2.87901640    
   2.90969086    
   2.93541527    
   2.96800590    
   2.92792797    
   2.96143985    
   2.90808797    
   2.86784291    
   2.87731552    
   2.91799378    
   2.89621258    
   2.90592289    
   2.96437311    
   2.86482620    
   2.93394446    
   2.86707783    
   2.88789678    
   2.93953037    
   2.92566395    
   2.97626543    
   2.99188137    
   2.99944520    
   2.89655304    
   2.94122648    
   2.99596071    
   2.95740175    
   2.89805341    
   2.98527694    
   2.96281648    
   2.99730444    
   2.96801186    
   2.98524046    
   2.92720509    
   2.95331883    
   2.97695112    
   2.97716522    
   2.92739081    
   2.94324470    
   2.90966225    
   2.98995519    
   2.88505149    
   2.92581987    
   2.90828347    
   2.90199471    
   2.94177580    
   2.92468596    
   2.97546577    
   2.89309835    
   3.01658702    
   2.97950053    
   3.04446173    
   2.95909190    
   3.03921962    
   3.02696919    
   3.01200867    
   3.06667686    
   3.01568151    
   3.03861618    
   2.99400592    
   2.90308166    
   2.97171569    
   2.99601936    
   3.05680323    
   3.01551104    
   3.06380153    
   3.11609602    
   3.02407050    
   3.01525259    
   3.00403905    
   3.09558558    
   3.05937815    
   2.96667266    
   3.04879045    
   3.05669117    
   3.02734613    
   2.99789166    
   3.02757001    
   2.91830254    
   3.10698748    
   2.97195530    
   3.07216215    
   3.06211662    
   3.09391046    
   2.99496865    
   3.04397345    
   3.06071711    
   3.04515529    
   3.09635711    
   3.08247566    
   3.06862330    
   3.05755115    
   3.01387787    
   3.07358575    
   3.04439354    
   3.13432527    
   3.09438252    
   3.11780810    
   3.05816460    
   3.08741736    
   3.06549573    
   3.04454732    
   3.08973002    
   3.11970735    
   3.06535220    
   2.98298335    
   3.07355738    
   3.02977061    
   3.08081555    
   3.05359602    
   3.13438368    
   3.05127430    
   3.09358215    
   3.16816854    
   3.10121608    
   3.07241154    
   3.03822279    
   3.15793037    
   3.08778763    
   3.08436680    
   3.20514393    
   3.08421588    
   3.03293419    
   3.10531044    
   3.14122319    
   3.18700981    
   3.09302902    
   3.09978271    
   3.13369703    
   3.18554306    
   3.16005754    
   3.14576197    
   3.20503378    
   3.08729529    
   3.14222264    
   3.11684895    
   3.17547202    
   3.22499967    
   3.18258142    
   3.09855580    
   3.18629193    
   3.07665706    
   3.15333390    
   3.13658166    
   3.05203485    
   3.13930655    
   3.13346195    
   3.15872073    
   3.12875915    
   3.22652078    
   3.16654849    
   3.23773837    
   3.15011573    
   3.20879531    
   3.09594870    
   3.14752245    
   3.13679695    
   3.12075782    
   3.20409131    
   3.15230966    
   3.12724590    
   3.07896781    
   3.21703339    
   3.13020587    
   3.19254065    
   3.20527482    
   3.20653319    
   3.25781918    
   3.21958423    
   3.16193628    
   3.17612410    
   3.21614599    
   3.23951101    
   3.18977094    
   3.18450904    
   3.25670457    
   3.27002478    
   3.21617675    
   3.14488840    
   3.14169645    
   3.21689367    
   3.21316767    
   3.17907596    
   3.22949290    
   3.21438289    
   3.31150293    
   3.16790462    
   3.17689824    
   3.23134470    
   3.21286774    
   3.27102757    
   3.25312257    
   3.29008317    
   3.26298380    
   3.28401542    
   3.24544883    
   3.19516683    
   3.23028159    
   3.20262313    
   3.30400848    
   3.24967456    
   3.35286045    
   3.19210720    
   3.23659968    
   3.27016735    
   3.32665277    
   3.25471711    
   3.27767777    
   3.33739972    
   3.27748823    
   3.28446627    
   3.27513099    
   3.29682994    
   3.33624196    
   3.26242924    
   3.31553745    
   3.30716157    
   3.38598800    
   3.29603386    
   3.29624128    
   3.21697855    
   3.31045699    
   3.27005267    
   3.29565883    
   3.28840899    
   3.25063920    
   3.28546786    
   3.31219983    
   3.25613737    
   3.30577612    
   3.35501456    
   3.15071273    
   3.27346301    
   3.21906781    
   3.19492316    
   3.29591966    
   3.23086143    
   3.35485935    
   3.28766322    
   3.39092493    
   3.31794047    
   3.24732471    
   3.28595638    
   3.29427218    
   3.34318447    
   3.35976648    
   3.33345580    
   3.24847269    
   3.38616252    
   3.33871245    
   3.28646636    
   3.17861390    
   3.29173136    
   3.31895423    
   3.23342013    
   3.32750201    
   3.24928641    
   3.36407995    
   3.40076160    
   3.34667706    
   3.38435125    
   3.32464099    
   3.32540679    
   3.39546347    
   3.28706980    
   3.26985860    
   3.36080241    
   3.44151878    
   3.41781139    
   3.39508533    
   3.39532232    
   3.39328766    
   3.33986998    
   3.30333757    
   3.36874151    
   3.27110648    
   3.19029427    
   3.34949994    
   3.38816595    
   3.32382607    
   3.23395514    
   3.30819583    
   3.27400422    
   3.32301831    
   3.19010758    
   3.20704889    
   3.22391176    
   3.34711480    
   3.31952667    
   3.18034267    
   3.35433483    
   3.32989073    
   3.30595088    
   3.39723825    
   3.44933820    
   3.39043450    
   3.40585852    
   3.26322508    
   3.31450200    
   3.40772963    
   3.34306860    
   3.34350204    
   3.43595672    
   3.45155263    
   3.37143183    
   3.41788387    
   3.32743144    
   3.45506477    
   3.40426445    
   3.43612599    
   3.41348386    
   3.49897289    
   3.45880437    
   3.34706283    
   3.35759926    
   3.38482141    
   3.30742884    
   3.39035034    
   3.41200852    
   3.37496805    
   3.44738078    
   3.39671731    
   3.39887476    
   3.43540621    
   3.44519281    
   3.42748284    
   3.35265565    
   3.48664236    
   3.49798775    
   3.36318159    
   3.35947418    
   3.46272659    
   3.44198728    
   3.34004617    
   3.41494775    
   3.42584300    
   3.34494138    
   3.50668573    
   3.41557479    
   3.42211771    
   3.42522025    
   3.38367963    
   3.41487861    
   3.34958887    
   3.36637163    
   3.45131326    
   3.49234509    
   3.32750678    
   3.45013857    
   3.36372900    
   3.46910620    
   3.48714042    
   3.39375520    
   3.41520023    
   3.45782995    
   3.39743900    
   3.40113115    
   3.37536335    
   3.48451304    
   3.48838067    
   3.45129848    
   3.41097069    
   3.35619426    
   3.41552019    
   3.52069592    
   3.40930200    
   3.51112318    
   3.50085568    
   3.44034243    
   3.44715023    
   3.46495581    
   3.41524839    
   3.45924497    
   3.39741540    
   3.43168640    
   3.49046350    
   3.41814256    
   3.42904568    
   3.42919254    
   3.38630724    
   3.42266941    
   3.39389968    
   3.44446588    
   3.46240330    
   3.38450742    
   3.48339629    
   3.43994689    
   3.47188878    
   3.46460176    
   3.48953462    
   3.53444409    
   3.42383909    
   3.48904061    
   3.47813106    
   3.39714146    
   3.49132037    
   3.53305697    
   3.46038365    
   3.57336545    
   3.51897240    
   3.55979466    
   3.48399282    
   3.53650308    
   3.52615452    
   3.54405475    
   3.44725966    
   3.54016209    
   3.46900129    
   3.49633884    
   3.57728243    
   3.54157543    
   3.57985783    
   3.51447845    
   3.49270439    
   3.62352180    
   3.50696301    
   3.52658916    
   3.52096081    
   3.51172900    
   3.46580625    
   3.51007700    
   3.45472980    
   3.42347836    
   3.54471898    
   3.58121109    
   3.51417351    
   3.53390551    
   3.54477262    
   3.54111052    
   3.64206886    
   3.58566165    
   3.46998024    
   3.53307152    
   3.58858013    
   3.47264290    
   3.52596736    
   3.50427246    
   3.55191827    
   3.60031962    
   3.50734735    
   3.51443148    
   3.41501498    
   3.47445107    
   3.43428254    
   3.58843637    
   3.49331117    
   3.54900336    
   3.49492955    
   3.61567664    
   3.53708434    
   3.58659506    
   3.58703995    
   3.63363457    
   3.68022537    
   3.58356714    
   3.60899925    
   3.45252514    
   3.52697539    
   3.50949526    
   3.58436656    
   3.63731503    
   3.56546187    
   3.58629417    
   3.65552306    
   3.69583344    
   3.55831337    
   3.53229547    
   3.60733056    
   3.52891874    
   3.49230433    
   3.54175448    
   3.60041070    
   3.57224917    
   3.65465760    
   3.61189699    
   3.61151266    
   3.55905056    
   3.63867497    
   3.51059580    
   3.67269468    
   3.61310124    
   3.59569716    
   3.60940123    
   3.63254428    
   3.62995458    
   3.63196278    
   3.57336354    
   3.55192184    
   3.60119653    
   3.63310361    
   3.67635822    
   3.60375595    
   3.69410944    
   3.67245150    
   3.63789487    
   3.60698962    
   3.60142612    
   3.61135125    
   3.59912157    
   3.58245659    
   3.59996176    
   3.47310901    
   3.57266188    
   3.51042199    
   3.62789917    
   3.63115907    
   3.59889913    
   3.62312388    
   3.59242368    
   3.56946325    
   3.51216102    
   3.58244920    
   3.60438013    
   3.63155293    
   3.57793784    
   3.58972287    
   3.61359882    
   3.59269190    
   3.71279907    
   3.60239172    
   3.67908621    
   3.59623003    
   3.68201113    
   3.56600499    
   3.61908603    
   3.62190199    
   3.65975022    
   3.60532522    
   3.61429501    
   3.62209511    
   3.58070946    
   3.69416738    
   3.70752811    
   3.67226768    
   3.63188982    
   3.54095316    
   3.69467092    
   3.60550857    
   3.63325453    
   3.61610103    
   3.64410114    
   3.60930395    
   3.65936923    
   3.67427325    
   3.57491183    
   3.67318225    
   3.65402269    
   3.73413181    
   3.61638165    
   3.59374952    
   3.67637444    
   3.73485041    
   3.63020754    
   3.63546205    
   3.75718307    
   3.59903431    
   3.59055161    
   3.76647186    
   3.81028700    
   3.58210111    
   3.61098266    
   3.54289103    
   3.62384939    
   3.55546689    
   3.55443001    
   3.50030065    
   3.70589757    
   3.63434172    
   3.74446678    
   3.62827730    
   3.76635599    
   3.68920708    
   3.70930076    
   3.75897646    
   3.61690092    
   3.76638246    
   3.60541010    
   3.71037698    
   3.59325337    
   3.62706995    
   3.67601514    
   3.65685201    
   3.50050020    
   3.64235353    
   3.74335241    
   3.72032952    
   3.54992485    
   3.64930367    
   3.60265517    
   3.58644748    
   3.63267255    
   3.67934585    
   3.67126489    
   3.67984295    
   3.66246223    
   3.61438251    
   3.64247632    
   3.69043016    
   3.67557716    
   3.74344516    
   3.65451670    
   3.66006660    
   3.69174170    
   3.64095092    
   3.70537305    
   3.72679543    
   3.71456933    
   3.67888999    
   3.69110298    
   3.76032829    
   3.74702549    
   3.73360133    
   3.65897608    
   3.72900200    
   3.71148801    
   3.57823229    
   3.66076875    
   3.69524384    
   3.76357675    
   3.75495410    
   3.71251297    
   3.82630491    
   3.76057291    
   3.82671452    
   3.81408954    
   3.76742649    
   3.72695661    
   3.73081136    
   3.76255131    
   3.63789392    
   3.68627071    
   3.79482579    
   3.72060442    
   3.69032454    
   3.63065791    
   3.74477839    
   3.81077576    
   3.72558689    
   3.74462414    
   3.72788858    
   3.58925462    
   3.69709611    
   3.64547968    
   3.70792890    
   3.74394441    
   3.76748443    
   3.85213447    
   3.71970940    
   3.70998001    
   3.61414599    
   3.74715018    
   3.66389799    
   3.62912583    
   3.59506750    
   3.65268588    
   3.62953472    
   3.64419985    
   3.63912559    
   3.71978688    
   3.73383999    
   3.76053572    
   3.75603414    
   3.69079399    
