   0.00000000    
   1.06670702    
  0.881673574    
   1.11752486    
   1.03635144    
   1.18154001    
   1.12627816    
   1.20254087    
   1.15230417    
   1.22356176    
   1.18654716    
   1.22762895    
   1.22273350    
   1.23656750    
   1.22854996    
   1.25309157    
   1.23521340    
   1.25159800    
   1.25116897    
   1.26740324    
   1.24334741    
   1.30408907    
   1.26702785    
   1.28930545    
   1.27542317    
   1.30597711    
   1.29702270    
   1.32144511    
   1.30393803    
   1.33049393    
   1.33547497    
   1.35847545    
   1.36028564    
   1.38407528    
   1.36062992    
   1.38853312    
   1.39472079    
   1.40743017    
   1.39634109    
   1.41564047    
   1.41219926    
   1.44630504    
   1.43691623    
   1.43632567    
   1.42769361    
   1.47425818    
   1.45105648    
   1.49004829    
   1.46234405    
   1.54367590    
   1.52567315    
   1.59170723    
   1.53981149    
   1.56993139    
   1.57713115    
   1.62017798    
   1.61784160    
   1.65168798    
   1.64498603    
   1.66958261    
   1.65617740    
   1.67602658    
   1.66419899    
   1.68392313    
   1.69284904    
   1.72568417    
   1.71002758    
   1.73701942    
   1.69096422    
   1.73757350    
   1.72500622    
   1.75341296    
   1.74386573    
   1.77055573    
   1.73541629    
   1.80414808    
   1.79445791    
   1.84208012    
   1.79451597    
   1.86184573    
   1.84450233    
   1.88892400    
   1.87059331    
   1.86001647    
   1.85678768    
   1.88658917    
   1.82877076    
   1.91255140    
   1.89156651    
   1.92307830    
   1.91308177    
   1.92470562    
   1.89811838    
   1.98434424    
   1.93522727    
   1.98707485    
   1.94738913    
   1.97609138    
   2.01316643    
   2.00808525    
   1.97946858    
   2.00072455    
   2.01607919    
   2.07547379    
   2.01428556    
   2.01928401    
   2.00775218    
   2.07429409    
   2.05401230    
   2.09148216    
   2.06064034    
   2.04657435    
   2.06282377    
   2.14274955    
   2.09735584    
   2.13364911    
   2.11330152    
   2.09397173    
   2.11545801    
   2.11151934    
   2.09800220    
   2.17087173    
   2.12432718    
   2.14030218    
   2.07264328    
   2.16002655    
   2.11736012    
   2.14406681    
   2.11075139    
   2.16975760    
   2.13568640    
   2.16460681    
   2.15250826    
   2.17993855    
   2.16227484    
   2.21844411    
   2.15215206    
   2.20284128    
   2.19396448    
   2.20669651    
   2.21811891    
   2.28849387    
   2.26323986    
   2.26239395    
   2.23706532    
   2.27051783    
   2.21775413    
   2.25480771    
   2.25644660    
   2.32388616    
   2.25024056    
   2.31135893    
   2.26241279    
   2.32679725    
   2.28465223    
   2.32880664    
   2.30422235    
   2.30358267    
   2.29189157    
   2.37387586    
   2.33890033    
   2.37122154    
   2.31205082    
   2.44352150    
   2.33393621    
   2.38545990    
   2.32124162    
   2.38304973    
   2.35154772    
   2.44856501    
   2.40203691    
   2.41663098    
   2.36023903    
   2.41896462    
   2.34835958    
   2.41645217    
   2.36620355    
   2.41428566    
   2.42405009    
   2.42991495    
   2.40494633    
   2.40829492    
   2.33063936    
   2.48390555    
   2.42413092    
   2.43040013    
   2.39802766    
   2.46835089    
   2.41142082    
   2.45100904    
   2.46510077    
   2.48215628    
   2.44899750    
   2.51705384    
   2.46229291    
   2.53745580    
   2.50578880    
   2.48876858    
   2.47665548    
   2.52905250    
   2.52804065    
   2.53502154    
   2.42398286    
   2.49062037    
   2.51113963    
   2.60196686    
   2.54237914    
   2.54182291    
   2.50655794    
   2.59084773    
   2.55286527    
   2.55719662    
   2.51397491    
   2.55845881    
   2.54554582    
   2.60206699    
   2.50694084    
   2.62752771    
   2.57394195    
   2.59225035    
   2.50478172    
   2.60061598    
   2.54673696    
   2.63467908    
   2.55506754    
   2.60522699    
   2.56090450    
   2.58989429    
   2.54463530    
   2.61209512    
   2.58443928    
   2.65648985    
   2.53665328    
   2.61784244    
   2.57064772    
   2.57450175    
   2.57955408    
   2.67979598    
   2.56418991    
   2.62832928    
   2.63158226    
   2.67376280    
   2.66982985    
   2.70499611    
   2.66783428    
   2.73396230    
   2.63110375    
   2.70619154    
   2.67292714    
   2.72234273    
   2.69419479    
   2.72644877    
   2.69684386    
   2.70535064    
   2.68891764    
   2.77296400    
   2.69657302    
   2.70500922    
   2.64573574    
   2.73795438    
   2.68104172    
   2.69209409    
   2.66999626    
   2.70874214    
   2.72244596    
   2.74424720    
   2.70739675    
   2.79370975    
   2.69231272    
   2.74195099    
   2.72608447    
   2.76206541    
   2.79238653    
   2.79516411    
   2.75353694    
   2.80867243    
   2.72922587    
   2.79833484    
   2.72523952    
   2.79259181    
   2.73000979    
   2.74528599    
   2.72031760    
   2.78615832    
   2.72826004    
   2.74931645    
   2.74104905    
   2.80660582    
   2.70146728    
   2.80687356    
   2.76954126    
   2.80248284    
   2.75798678    
   2.80196381    
   2.75216079    
   2.79320025    
   2.72549748    
   2.79061174    
   2.73128057    
   2.77272201    
   2.72866583    
   2.76862478    
   2.70978713    
   2.81391358    
   2.73757410    
   2.86723995    
   2.78688645    
   2.85134506    
   2.78745127    
   2.86123419    
   2.81549048    
   2.86606526    
   2.81247377    
   2.88827920    
   2.86282539    
   2.91034245    
   2.85567379    
   2.86656833    
   2.78393412    
   2.85764956    
   2.78944278    
   2.84680033    
   2.79225993    
   2.86819625    
   2.87497330    
   2.93985915    
   2.79097199    
   2.85299110    
   2.80480385    
   2.90836024    
   2.81310940    
   2.91991687    
   2.89501643    
   2.84952426    
   2.78092647    
   2.89589429    
   2.84713459    
   2.88266540    
   2.89546371    
   2.85453010    
   2.83434010    
   2.91675234    
   2.82037401    
   2.89494038    
   2.83595443    
   2.88032055    
   2.87863421    
   2.96934700    
   2.88702774    
   2.97653890    
   2.87349916    
   2.93135810    
   2.91228676    
   2.91700196    
   2.91672158    
   2.99934721    
   2.93342280    
   3.02147818    
   2.93079567    
   3.00935674    
   2.89067888    
   2.99706006    
   2.90812802    
   2.97031212    
   2.95369720    
   3.01523662    
   2.92559886    
   3.01181626    
   2.98573375    
   2.99479485    
   2.94530344    
   3.02826071    
   2.95372343    
   2.98507261    
   2.93585181    
   2.98285937    
   2.92861581    
   3.01954889    
   2.96487403    
   2.98013186    
   2.93421578    
   2.99900031    
   2.91620159    
   3.12103319    
   2.98188639    
   3.10648942    
   2.98244071    
   3.04971290    
   3.01208973    
   3.05422521    
   2.99695063    
   3.10145879    
   3.01995802    
   3.03167844    
   2.98292542    
   3.05629587    
   3.04714155    
   3.08823895    
   3.05014586    
   3.10867906    
   3.03718090    
   3.07634330    
   2.99687314    
   3.03176093    
   3.06476998    
   3.08976579    
   2.99635696    
   3.08760905    
   3.01385617    
   3.06750727    
   3.02086282    
   3.07671618    
   2.99836993    
   3.02627373    
   3.00716162    
   3.10845661    
   3.07425117    
   3.09082389    
   3.04348254    
   3.08735657    
   3.04595423    
   3.09369707    
   3.09248257    
   3.16413379    
   3.12546182    
   3.17278790    
   3.09176922    
   3.17673087    
   3.05828571    
   3.12721229    
   3.09398913    
   3.09853888    
   3.07728171    
   3.12434435    
   3.15198326    
   3.15456438    
   3.10776567    
   3.12123156    
   3.05149770    
   3.10257387    
   3.12709260    
   3.14151430    
   3.07049251    
   3.19531417    
   3.14038014    
   3.18574786    
   3.14712024    
   3.20308423    
   3.05568123    
   3.08935070    
   3.10158324    
   3.12670755    
   3.07895541    
   3.16367435    
   3.11491871    
   3.14751434    
   3.10439444    
   3.22149658    
   3.09400892    
   3.11731625    
   3.13354659    
   3.18794346    
   3.11022139    
   3.16348338    
   3.14555502    
   3.16671562    
   3.15565085    
   3.24091935    
   3.11436343    
   3.23262858    
   3.18662500    
   3.20825887    
   3.12859392    
   3.21766186    
   3.10438561    
   3.24545503    
   3.14989734    
   3.21074724    
   3.18004584    
   3.18495536    
   3.19897604    
   3.23210120    
   3.21203804    
   3.27138901    
   3.21747041    
   3.30873585    
   3.14181519    
   3.21333432    
   3.17229795    
   3.23679304    
   3.21770072    
   3.24771857    
   3.18126750    
   3.26210499    
   3.20906806    
   3.27399588    
   3.20598173    
   3.25527835    
   3.20765114    
   3.26920581    
   3.21772933    
   3.23087239    
   3.19656610    
   3.19104815    
   3.14600658    
   3.21958423    
   3.17775297    
   3.17703772    
   3.20530844    
   3.24782014    
   3.18110919    
   3.28344798    
   3.18375540    
   3.26581430    
   3.21190190    
   3.27560234    
   3.20994186    
   3.23381758    
   3.17569566    
   3.27997541    
   3.27411175    
   3.30595970    
   3.23130894    
   3.36020112    
   3.29893017    
   3.33492494    
   3.26739407    
   3.33401823    
   3.28447890    
   3.30132079    
   3.25300121    
   3.32461953    
   3.25328922    
   3.27527118    
   3.22183228    
   3.28827667    
   3.22296119    
   3.29070377    
   3.31079674    
   3.29491591    
   3.19263291    
   3.32690191    
   3.19901395    
   3.30346107    
   3.18161583    
   3.26925230    
   3.19281483    
   3.30119061    
   3.30496407    
   3.36416006    
   3.15877128    
   3.28815675    
   3.29729843    
   3.32306647    
   3.25560284    
   3.31603932    
   3.25866127    
   3.28142333    
   3.31352043    
   3.36148047    
   3.22441912    
   3.30674171    
   3.27744603    
   3.30099440    
   3.21077871    
   3.36462879    
   3.24498034    
   3.33952236    
   3.34778929    
   3.37592745    
   3.30254269    
   3.39466834    
   3.23834181    
   3.32543421    
   3.27362585    
   3.30344915    
   3.30444908    
   3.36700654    
   3.27799249    
   3.32766318    
   3.30498505    
   3.33086205    
   3.24733663    
   3.33612251    
   3.27485371    
   3.32307339    
   3.25772762    
   3.34808016    
   3.30651784    
   3.33450127    
   3.31775522    
   3.29818058    
   3.24392772    
   3.31897521    
   3.28586125    
   3.36268759    
   3.24734354    
   3.33098316    
   3.23371077    
   3.30486202    
   3.29415059    
   3.37428570    
   3.29688382    
   3.36599994    
   3.37069297    
   3.43779445    
   3.35616040    
   3.41022396    
   3.36346936    
   3.41614342    
   3.29676890    
   3.39312959    
   3.38325858    
   3.36406016    
   3.31751299    
   3.35556293    
   3.35926437    
   3.39371586    
   3.35851765    
   3.45387435    
   3.29335165    
   3.33768582    
   3.34458089    
   3.37229419    
   3.36598587    
   3.43687797    
   3.34278345    
   3.50811672    
   3.36821342    
   3.42899537    
   3.33536625    
   3.41938543    
   3.43891621    
   3.45531368    
   3.37579060    
   3.38586831    
   3.31176138    
   3.37364125    
   3.29803443    
   3.36884665    
   3.31591463    
   3.37304688    
   3.31988692    
   3.42750263    
   3.34306264    
   3.47189736    
   3.33526874    
   3.42026758    
   3.34399605    
   3.41600919    
   3.41065550    
   3.49516296    
   3.44581223    
   3.53537083    
   3.42904496    
   3.44818091    
   3.36009955    
   3.46998477    
   3.43982196    
   3.45659280    
   3.38789964    
   3.41182089    
   3.30599093    
   3.46504140    
   3.36453843    
   3.50672245    
   3.43599391    
   3.50904870    
   3.42056513    
   3.48724699    
   3.38805723    
   3.49323034    
   3.37069511    
   3.42188358    
   3.34241962    
   3.50076675    
   3.35819244    
   3.48462653    
   3.37505341    
   3.46276379    
   3.37886405    
   3.40827107    
   3.36075759    
   3.41709900    
   3.37305474    
   3.46766543    
   3.41052175    
   3.52671504    
   3.46672249    
   3.54622269    
   3.49336243    
   3.53074074    
   3.41732788    
   3.45990229    
   3.44973826    
   3.49608660    
   3.46141791    
   3.48047304    
   3.44820786    
   3.47138882    
   3.48579264    
   3.52442789    
   3.44700360    
   3.48389125    
   3.43091583    
   3.44692111    
   3.40494108    
   3.52295041    
   3.43776846    
   3.47428465    
   3.43967056    
   3.60850143    
   3.46719241    
   3.55658937    
   3.44147873    
   3.45682573    
   3.47790098    
   3.54269099    
   3.42932844    
   3.57176042    
   3.49342585    
   3.54582524    
   3.49951553    
   3.47712326    
   3.45239472    
   3.52442575    
   3.41545987    
   3.57439685    
   3.53336740    
   3.56602097    
   3.49634194    
   3.47986913    
   3.48602343    
   3.50058699    
   3.45541263    
   3.58472228    
   3.47987151    
   3.60321045    
   3.55004740    
   3.53650308    
   3.53524065    
   3.54405475    
   3.46861124    
   3.48887205    
   3.48948550    
   3.50036120    
   3.46844196    
   3.54180264    
   3.51025534    
   3.58105302    
   3.49288249    
   3.54645371    
   3.49156475    
   3.56379580    
   3.51654553    
   3.49874234    
   3.49842381    
   3.47702694    
   3.45147347    
   3.49030876    
   3.41105890    
   3.51261973    
   3.53731084    
   3.55855155    
   3.52052259    
   3.62811828    
   3.50625825    
   3.61548471    
   3.51290894    
   3.50231552    
   3.48698783    
   3.60977483    
   3.59652472    
   3.60803890    
   3.56507897    
   3.63788080    
   3.54712319    
   3.58121920    
   3.53413367    
   3.59640837    
   3.55344129    
   3.59166646    
   3.55398440    
   3.56501460    
   3.51736975    
   3.60559297    
   3.50357413    
   3.57714868    
   3.48330307    
   3.60685086    
   3.54673862    
   3.64369011    
   3.55793214    
   3.52695346    
   3.52759790    
   3.57963943    
   3.55255866    
   3.61816168    
   3.56287384    
   3.62102532    
   3.46265864    
   3.57814479    
   3.49778771    
   3.57570791    
   3.52080846    
   3.61922932    
   3.54529166    
   3.59325695    
   3.47867513    
   3.61495042    
   3.50075960    
   3.61137819    
   3.51193547    
   3.63584709    
   3.52261162    
   3.62053776    
   3.56865430    
   3.59300017    
   3.44837499    
   3.58417892    
   3.47577763    
   3.58232164    
   3.48502517    
   3.59592414    
   3.49522042    
   3.61360860    
   3.51698804    
   3.65705228    
   3.46732998    
   3.56534362    
   3.58033991    
   3.66359735    
   3.52283955    
   3.61648750    
   3.49185491    
   3.63961267    
   3.55496645    
   3.60127115    
   3.49262261    
   3.70357537    
   3.61456418    
   3.64821649    
   3.61299896    
   3.62178922    
   3.44705439    
   3.61441422    
   3.57044983    
   3.53986716    
   3.45361257    
   3.62500191    
   3.49148726    
   3.61813021    
   3.58931851    
   3.65585899    
   3.57532024    
   3.66299033    
   3.63872170    
   3.70836282    
   3.62421274    
   3.65962100    
   3.58671403    
   3.78829885    
   3.69301701    
   3.65360284    
   3.65318251    
   3.66113138    
   3.56428552    
   3.63292980    
   3.64195895    
   3.68186426    
   3.63185549    
   3.70786333    
   3.61344528    
   3.70280409    
   3.68318152    
   3.68793893    
   3.60335636    
   3.69782233    
   3.66725993    
   3.72597647    
   3.57455683    
   3.71786880    
   3.57608986    
   3.74920297    
   3.58646870    
   3.67864323    
   3.63953781    
   3.73612714    
   3.74099803    
   3.74602628    
   3.71271181    
   3.68424559    
   3.67297459    
   3.69426703    
   3.66511440    
   3.81650639    
   3.73944116    
   3.78442526    
   3.69816446    
   3.68068933    
   3.61880112    
   3.75261736    
   3.60145545    
   3.67357826    
   3.63720298    
   3.68022847    
   3.58056927    
   3.70386910    
   3.65230799    
   3.74197388    
   3.66287971    
   3.72585845    
   3.68820286    
   3.67825627    
   3.57432866    
   3.66377306    
   3.63507462    
   3.67601514    
   3.59563971    
   3.63236451    
   3.61038494    
   3.74792886    
   3.62764049    
   3.72174740    
   3.64930367    
   3.69199276    
   3.55013728    
   3.65878034    
   3.63272715    
   3.70184779    
   3.56124759    
   3.63540673    
   3.62929225    
   3.70518994    
   3.59657812    
   3.67249036    
   3.61260271    
   3.71975613    
   3.64466763    
   3.72904253    
   3.62219906    
   3.77590609    
   3.64575052    
   3.70075417    
   3.67536306    
   3.70357656    
   3.67302990    
   3.74171734    
   3.63525701    
   3.73941135    
   3.64102554    
   3.76601124    
   3.68495607    
   3.71088552    
   3.63726234    
   3.69788504    
   3.68024421    
   3.76741958    
   3.66106033    
   3.81221461    
   3.66493273    
   3.70774817    
   3.72492313    
   3.76319027    
   3.65260625    
   3.67310786    
   3.61351466    
   3.69811583    
   3.61522460    
   3.67545104    
   3.63296986    
   3.73879528    
   3.66881704    
   3.73501492    
   3.61903715    
   3.66503763    
   3.57761478    
   3.63746738    
   3.62415600    
   3.69363427    
   3.58125877    
   3.73805261    
   3.58170199    
   3.75124454    
   3.64586282    
   3.72953534    
   3.67089319    
   3.81748414    
   3.64959550    
   3.74410558    
   3.71373320    
   3.83508849    
   3.66669106    
   3.81990099    
   3.65888691    
   3.76552987    
   3.68505406    
   3.76059818    
   3.66840100    
   3.73724699    
